a <-21
b<-5

